0 0.2193091
1.0005003 0.22587571
2.0010005 0.23247427
3.0015008 0.23910333
4.002001 0.24576141
5.0025013 0.25244708
6.0030015 0.25915886
7.0035018 0.26589531
8.004002 0.27265497
9.0045023 0.27943637
10.005003 0.28623806
11.005503 0.29305858
12.006003 0.29989648
13.006503 0.30675029
14.007004 0.31361857
15.007504 0.32049985
16.008004 0.32739267
17.008504 0.33429558
18.009005 0.34120712
19.009505 0.34812584
20.010005 0.35505027
21.010505 0.36197396
22.011006 0.36889433
23.011506 0.37581535
24.012006 0.38274102
25.012506 0.38967531
26.013007 0.39662221
27.013507 0.4035857
28.014007 0.41056977
29.014507 0.41757841
30.015008 0.42461559
31.015508 0.4316853
32.016008 0.43879153
33.016508 0.44593825
34.017009 0.45312946
35.017509 0.46036913
36.018009 0.46763885
37.018509 0.47491836
38.01901 0.48220672
39.01951 0.48950297
40.02001 0.49680616
41.02051 0.50411535
42.021011 0.51142958
43.021511 0.51874791
44.022011 0.52606937
45.022511 0.53339303
46.023012 0.54071793
47.023512 0.54804313
48.024012 0.55536767
49.024512 0.5626906
50.025013 0.57001097
51.025513 0.57732792
52.026013 0.58464178
53.026513 0.5919534
54.027014 0.59926361
55.027514 0.60657326
56.028014 0.61388317
57.028514 0.62119419
58.029015 0.62850715
59.029515 0.6358229
60.030015 0.64314226
61.030515 0.65046608
62.031016 0.6577952
63.031516 0.66513045
64.032016 0.67247267
65.032516 0.67982269
66.033017 0.68718137
67.033517 0.69454952
68.034017 0.701928
69.034517 0.70931764
70.035018 0.7167193
71.035518 0.72415834
72.036018 0.73165427
73.036518 0.73920398
74.037019 0.74680435
75.037519 0.75445227
76.038019 0.76214463
77.038519 0.76987831
78.03902 0.77765022
79.03952 0.78545722
80.04002 0.79329622
81.04052 0.8011641
82.041021 0.80905774
83.041521 0.81697404
84.042021 0.82490988
85.042521 0.83286216
86.043022 0.84082775
87.043522 0.84880355
88.044022 0.85678645
89.044522 0.86477334
90.045023 0.87276109
91.045523 0.88074661
92.046023 0.88872677
93.046523 0.89669847
94.047024 0.90465859
95.047524 0.91260405
96.048024 0.92054215
97.048524 0.92848095
98.049025 0.93642089
99.049525 0.94436242
100.05003 0.95230601
101.05053 0.96025209
102.05103 0.96820113
103.05153 0.97615358
104.05203 0.98410989
105.05253 0.99207051
106.05303 1.0000359
107.05353 1.0080065
108.05403 1.0159828
109.05453 1.0239652
110.05503 1.0319541
111.05553 1.0399501
112.05603 1.0479536
113.05653 1.055965
114.05703 1.0639848
115.05753 1.0720135
116.05803 1.0800514
117.05853 1.0880991
118.05903 1.096157
119.05953 1.1042255
120.06003 1.1123051
121.06053 1.1203981
122.06103 1.1285058
123.06153 1.1366277
124.06203 1.1447634
125.06253 1.1529125
126.06303 1.1610745
127.06353 1.1692491
128.06403 1.1774356
129.06453 1.1856339
130.06503 1.1938433
131.06553 1.2020635
132.06603 1.210294
133.06653 1.2185344
134.06703 1.2267843
135.06753 1.2350432
136.06803 1.2433107
137.06853 1.2515864
138.06903 1.2598698
139.06953 1.2681605
140.07004 1.2764581
141.07054 1.2847621
142.07104 1.2930721
143.07154 1.3013876
144.07204 1.3097083
145.07254 1.3180337
146.07304 1.3263603
147.07354 1.3346868
148.07404 1.3430146
149.07454 1.3513451
150.07504 1.3596798
151.07554 1.3680201
152.07604 1.3763674
153.07654 1.3847232
154.07704 1.393089
155.07754 1.401466
156.07804 1.4098559
157.07854 1.41826
158.07904 1.4266798
159.07954 1.4351167
160.08004 1.4435721
161.08054 1.4520476
162.08104 1.4605444
163.08154 1.4690641
164.08204 1.477608
165.08254 1.4861777
166.08304 1.4947746
167.08354 1.5034001
168.08404 1.5120556
169.08454 1.5207426
170.08504 1.5294624
171.08554 1.538199
172.08604 1.54694
173.08654 1.5556851
174.08704 1.5644342
175.08754 1.573187
176.08804 1.5819433
177.08854 1.590703
178.08904 1.5994657
179.08954 1.6082313
180.09005 1.6169996
181.09055 1.6257703
182.09105 1.6345432
183.09155 1.6433182
184.09205 1.6520949
185.09255 1.6608732
186.09305 1.6696529
187.09355 1.6784338
188.09405 1.6872156
189.09455 1.6959981
190.09505 1.7047811
191.09555 1.7135644
192.09605 1.7223478
193.09655 1.731131
194.09705 1.7399139
195.09755 1.7486963
196.09805 1.7574788
197.09855 1.7662624
198.09905 1.7750469
199.09955 1.7838324
200.10005 1.7926191
201.10055 1.8014068
202.10105 1.8101958
203.10155 1.8189859
204.10205 1.8277774
205.10255 1.8365701
206.10305 1.8453642
207.10355 1.8541597
208.10405 1.8629567
209.10455 1.8717551
210.10505 1.8805551
211.10555 1.8893567
212.10605 1.8981599
213.10655 1.9069648
214.10705 1.9157714
215.10755 1.9245798
216.10805 1.9333901
217.10855 1.9422022
218.10905 1.9510162
219.10955 1.9598321
220.11006 1.9686503
221.11056 1.9774916
222.11106 1.9863692
223.11156 1.9952822
224.11206 2.0042296
225.11256 2.0132104
226.11306 2.0222237
227.11356 2.0312687
228.11406 2.0403442
229.11456 2.0494494
230.11506 2.0585834
231.11556 2.0677452
232.11606 2.0769338
233.11656 2.0861483
234.11706 2.0953877
235.11756 2.1046512
236.11806 2.1139377
237.11856 2.1232464
238.11906 2.1325762
239.11956 2.1419263
240.12006 2.1512956
241.12056 2.1606833
242.12106 2.1700884
243.12156 2.1795099
244.12206 2.188947
245.12256 2.1983992
246.12306 2.2079125
247.12356 2.2175071
248.12406 2.2271703
249.12456 2.2368894
250.12506 2.2466517
251.12556 2.2564447
252.12606 2.2662556
253.12656 2.2760718
254.12706 2.2858806
255.12756 2.2956694
256.12806 2.3054255
257.12856 2.3151362
258.12906 2.3247889
259.12956 2.334371
260.13007 2.3438704
261.13057 2.3533265
262.13107 2.3627686
263.13157 2.3721976
264.13207 2.381614
265.13257 2.3910184
266.13307 2.4004117
267.13357 2.4097944
268.13407 2.4191672
269.13457 2.4285307
270.13507 2.4378857
271.13557 2.4472329
272.13607 2.4565728
273.13657 2.4659062
274.13707 2.4752337
275.13757 2.484556
276.13807 2.4938737
277.13857 2.5031876
278.13907 2.5124983
279.13957 2.5218065
280.14007 2.5311129
281.14057 2.540418
282.14107 2.5497227
283.14157 2.5590275
284.14207 2.5683331
285.14257 2.5776402
286.14307 2.5869495
287.14357 2.5962616
288.14407 2.6055772
289.14457 2.6148971
290.14507 2.6242217
291.14557 2.6335519
292.14607 2.6428883
293.14657 2.6522315
294.14707 2.6615822
295.14757 2.6709412
296.14807 2.680309
297.14857 2.6896863
298.14907 2.6990739
299.14957 2.7084723
300.15008 2.7178821
301.15058 2.7272971
302.15108 2.7367135
303.15158 2.7461313
304.15208 2.7555507
305.15258 2.7649716
306.15308 2.7743942
307.15358 2.7838186
308.15408 2.7932448
309.15458 2.8026728
310.15508 2.8121029
311.15558 2.8215349
312.15608 2.8309691
313.15658 2.8404055
314.15708 2.8498442
315.15758 2.8592852
316.15808 2.8687286
317.15858 2.8781744
318.15908 2.8876229
319.15958 2.897074
320.16008 2.9065278
321.16058 2.9159844
322.16108 2.9254438
323.16158 2.9349062
324.16208 2.9443716
325.16258 2.95384
326.16308 2.9633116
327.16358 2.9727865
328.16408 2.9822647
329.16458 2.9917462
330.16508 3.0012312
331.16558 3.0107197
332.16608 3.0202118
333.16658 3.0297076
334.16708 3.0392071
335.16758 3.0487105
336.16808 3.0582178
337.16858 3.067729
338.16908 3.0772443
339.16958 3.0867637
340.17009 3.0962873
341.17059 3.1058152
342.17109 3.1153474
343.17159 3.1248841
344.17209 3.1344252
345.17259 3.1439709
346.17309 3.1535213
347.17359 3.1630763
348.17409 3.1726362
349.17459 3.1822009
350.17509 3.1917706
351.17559 3.2013452
352.17609 3.210925
353.17659 3.2205099
354.17709 3.2301001
355.17759 3.2396956
356.17809 3.2492964
357.17859 3.2589027
358.17909 3.2685146
359.17959 3.278132
360.18009 3.2877552
361.18059 3.2973841
362.18109 3.3070188
363.18159 3.3166594
364.18209 3.326306
365.18259 3.3359587
366.18309 3.3456175
367.18359 3.3552825
368.18409 3.3649537
369.18459 3.3746314
370.18509 3.3843154
371.18559 3.394006
372.18609 3.4037031
373.18659 3.4134068
374.18709 3.4231173
375.18759 3.4328346
376.18809 3.4425588
377.18859 3.4522899
378.18909 3.462028
379.18959 3.4717732
380.1901 3.4815256
381.1906 3.4912852
382.1911 3.5010522
383.1916 3.5108265
384.1921 3.5206083
385.1926 3.5303976
386.1931 3.5401946
387.1936 3.5499992
388.1941 3.5598116
389.1946 3.5696319
390.1951 3.57946
391.1956 3.5892961
392.1961 3.5991403
393.1966 3.6089927
394.1971 3.6188532
395.1976 3.628722
396.1981 3.6385992
397.1986 3.6484848
398.1991 3.6583789
399.1996 3.6682816
400.2001 3.6781933
401.2006 3.6881237
402.2011 3.6980775
403.2016 3.7080544
404.2021 3.718054
405.2026 3.7280762
406.2031 3.7381206
407.2036 3.7481869
408.2041 3.7582749
409.2046 3.7683842
410.2051 3.7785147
411.2056 3.7886659
412.2061 3.7988377
413.2066 3.8090298
414.2071 3.8192418
415.2076 3.8294734
416.2081 3.8397245
417.2086 3.8499948
418.2091 3.8602838
419.2096 3.8705914
420.21011 3.8809173
421.21061 3.8912612
422.21111 3.9016228
423.21161 3.9120018
424.21211 3.922398
425.21261 3.932811
426.21311 3.9432407
427.21361 3.9536866
428.21411 3.9641486
429.21461 3.9746263
430.21511 3.9851194
431.21561 3.9956277
432.21611 4.006151
433.21661 4.0166888
434.21711 4.027241
435.21761 4.0378072
436.21811 4.0483872
437.21861 4.0589806
438.21911 4.0695873
439.21961 4.0802069
440.22011 4.0908392
441.22061 4.1014838
442.22111 4.1121404
443.22161 4.1228089
444.22211 4.1334889
445.22261 4.1441801
446.22311 4.1548823
447.22361 4.1655951
448.22411 4.1763183
449.22461 4.1870516
450.22511 4.1977948
451.22561 4.2085475
452.22611 4.2193094
453.22661 4.2300803
454.22711 4.24086
455.22761 4.251648
456.22811 4.2624441
457.22861 4.2732482
458.22911 4.2840597
459.22961 4.2948786
460.23012 4.3057045
461.23062 4.3165371
462.23112 4.3273761
463.23162 4.3382213
464.23212 4.3490724
465.23262 4.3599291
466.23312 4.370791
467.23362 4.3816581
468.23412 4.3925298
469.23462 4.4034061
470.23512 4.4142865
471.23562 4.4251708
472.23612 4.4360588
473.23662 4.44695
474.23712 4.4578444
475.23762 4.4687415
476.23812 4.4796412
477.23862 4.490543
478.23912 4.5014468
479.23962 4.5123522
480.24012 4.523259
481.24062 4.5341669
482.24112 4.5450755
483.24162 4.5559848
484.24212 4.5668942
485.24262 4.5778036
486.24312 4.5887127
487.24362 4.5996212
488.24412 4.6105288
489.24462 4.6214352
490.24512 4.6323402
491.24562 4.6432434
492.24612 4.6541447
493.24662 4.6650436
494.24712 4.67594
495.24762 4.6868335
496.24812 4.6977239
497.24862 4.7086108
498.24912 4.7194941
499.24962 4.7303733
500.25013 4.7412486
501.25063 4.752125
502.25113 4.7630046
503.25163 4.7738876
504.25213 4.7847739
505.25263 4.7956635
506.25313 4.8065563
507.25363 4.8174524
508.25413 4.8283518
509.25463 4.8392544
510.25513 4.8501602
511.25563 4.8610693
512.25613 4.8719816
513.25663 4.8828972
514.25713 4.8938159
515.25763 4.9047378
516.25813 4.915663
517.25863 4.9265913
518.25913 4.9375228
519.25963 4.9484575
520.26013 4.9593954
521.26063 4.9703364
522.26113 4.9812805
523.26163 4.9922278
524.26213 5.0031782
525.26263 5.0141318
526.26313 5.0250884
527.26363 5.0360482
528.26413 5.047011
529.26463 5.057977
530.26513 5.068946
531.26563 5.0799182
532.26613 5.0908934
533.26663 5.1018716
534.26713 5.1128529
535.26763 5.1238372
536.26813 5.1348246
537.26863 5.145815
538.26913 5.1568085
539.26963 5.1678049
540.27014 5.1788044
541.27064 5.1898068
542.27114 5.2008122
543.27164 5.2118206
544.27214 5.222832
545.27264 5.2338464
546.27314 5.2448637
547.27364 5.255884
548.27414 5.2669072
549.27464 5.2779333
550.27514 5.2889623
551.27564 5.2999943
552.27614 5.3110292
553.27664 5.322067
554.27714 5.3331077
555.27764 5.3441512
556.27814 5.3551977
557.27864 5.366247
558.27914 5.3772992
559.27964 5.3883542
560.28014 5.3994121
561.28064 5.4104728
562.28114 5.4215363
563.28164 5.4326027
564.28214 5.4436719
565.28264 5.4547438
566.28314 5.4658186
567.28364 5.4768962
568.28414 5.4879766
569.28464 5.4990597
570.28514 5.5101456
571.28564 5.5212342
572.28614 5.5323256
573.28664 5.5434198
574.28714 5.5545167
575.28764 5.5656163
576.28814 5.5767186
577.28864 5.5878236
578.28914 5.5989314
579.28964 5.6100418
580.29015 5.621155
581.29065 5.6322708
582.29115 5.6433892
583.29165 5.6545104
584.29215 5.6656342
585.29265 5.6767606
586.29315 5.6878897
587.29365 5.6990214
588.29415 5.7101557
589.29465 5.7212927
590.29515 5.7324322
591.29565 5.7435744
592.29615 5.7547191
593.29665 5.7658665
594.29715 5.7770164
595.29765 5.7881689
596.29815 5.7993239
597.29865 5.8104815
598.29915 5.8216416
599.29965 5.8328043
600.30015 5.8439695
601.30065 5.8551372
602.30115 5.8663074
603.30165 5.8774802
604.30215 5.8886554
605.30265 5.8998331
606.30315 5.9110133
607.30365 5.922196
608.30415 5.9333811
609.30465 5.9445687
610.30515 5.9557588
611.30565 5.9669513
612.30615 5.9781462
613.30665 5.9893435
614.30715 6.0005433
615.30765 6.0117455
616.30815 6.02295
617.30865 6.034157
618.30915 6.0453663
619.30965 6.0565781
620.31016 6.0677922
621.31066 6.0790086
622.31116 6.0902274
623.31166 6.1014486
624.31216 6.1126721
625.31266 6.1238979
626.31316 6.1351261
627.31366 6.1463565
628.31416 6.1575893
629.31466 6.1688243
630.31516 6.1800617
631.31566 6.1913013
632.31616 6.2025432
633.31666 6.2137874
634.31716 6.2250339
635.31766 6.2362825
636.31816 6.2475335
637.31866 6.2587866
638.31916 6.270042
639.31966 6.2812996
640.32016 6.2925594
641.32066 6.3038215
642.32116 6.3150857
643.32166 6.3263521
644.32216 6.3376207
645.32266 6.3488914
646.32316 6.3601643
647.32366 6.3714394
648.32416 6.3827166
649.32466 6.393996
650.32516 6.4052775
651.32566 6.4165611
652.32616 6.4278468
653.32666 6.4391346
654.32716 6.4504246
655.32766 6.4617166
656.32816 6.4730107
657.32866 6.4843069
658.32916 6.4956051
659.32966 6.5069054
660.33017 6.5182078
661.33067 6.5295122
662.33117 6.5408187
663.33167 6.5521271
664.33217 6.5634376
665.33267 6.5747501
666.33317 6.5860646
667.33367 6.5973811
668.33417 6.6086996
669.33467 6.6200201
670.33517 6.6313425
671.33567 6.642667
672.33617 6.6539933
673.33667 6.6653216
674.33717 6.6766519
675.33767 6.6879841
676.33817 6.6993182
677.33867 6.7106542
678.33917 6.7219922
679.33967 6.733332
680.34017 6.7446737
681.34067 6.7560173
682.34117 6.7673628
683.34167 6.7787102
684.34217 6.7900594
685.34267 6.8014105
686.34317 6.8127634
687.34367 6.8241182
688.34417 6.8354748
689.34467 6.8468332
690.34517 6.8581934
691.34567 6.8695555
692.34617 6.8809193
693.34667 6.8922849
694.34717 6.9036523
695.34767 6.9150215
696.34817 6.9263924
697.34867 6.9377651
698.34917 6.9491396
699.34967 6.9605158
700.35018 6.9718937
701.35068 6.9832733
702.35118 6.9946547
703.35168 7.0060378
704.35218 7.0174226
705.35268 7.028809
706.35318 7.0401972
707.35368 7.0515871
708.35418 7.0629786
709.35468 7.0743717
710.35518 7.0857666
711.35568 7.0971631
712.35618 7.1085612
713.35668 7.1199609
714.35718 7.1313623
715.35768 7.1427653
716.35818 7.1541699
717.35868 7.1655761
718.35918 7.1769838
719.35968 7.1883932
720.36018 7.1998042
721.36068 7.2112167
722.36118 7.2226307
723.36168 7.2340464
724.36218 7.2454635
725.36268 7.2568822
726.36318 7.2683024
727.36368 7.2797242
728.36418 7.2911475
729.36468 7.3025722
730.36518 7.3139985
731.36568 7.3254262
732.36618 7.3368554
733.36668 7.3482861
734.36718 7.3597183
735.36768 7.3711519
736.36818 7.382587
737.36868 7.3940235
738.36918 7.4054615
739.36968 7.4169008
740.37019 7.4283416
741.37069 7.4397838
742.37119 7.4512274
743.37169 7.4626724
744.37219 7.4741187
745.37269 7.4855665
746.37319 7.4970156
747.37369 7.5084661
748.37419 7.5199179
749.37469 7.5313711
750.37519 7.5428263
751.37569 7.5542905
752.37619 7.5657657
753.37669 7.5772517
754.37719 7.5887487
755.37769 7.6002564
756.37819 7.611775
757.37869 7.6233044
758.37919 7.6348446
759.37969 7.6463956
760.38019 7.6579573
761.38069 7.6695297
762.38119 7.6811128
763.38169 7.6927065
764.38219 7.704311
765.38269 7.715926
766.38319 7.7275517
767.38369 7.7391879
768.38419 7.7508347
769.38469 7.7624921
770.38519 7.7741599
771.38569 7.7858383
772.38619 7.7975271
773.38669 7.8092264
774.38719 7.8209361
775.38769 7.8326563
776.38819 7.8443868
777.38869 7.8561277
778.38919 7.8678789
779.38969 7.8796404
780.3902 7.8914123
781.3907 7.9031944
782.3912 7.9149867
783.3917 7.9267893
784.3922 7.9386022
785.3927 7.9504252
786.3932 7.9622583
787.3937 7.9741016
788.3942 7.9859551
789.3947 7.9978186
790.3952 8.0096922
791.3957 8.0215759
792.3962 8.0334696
793.3967 8.0453733
794.3972 8.057287
795.3977 8.0692107
796.3982 8.0811443
797.3987 8.0930878
798.3992 8.1050413
799.3997 8.1170046
800.4002 8.1289778
801.4007 8.1409608
802.4012 8.1529536
803.4017 8.1649562
804.4022 8.1769686
805.4027 8.1889908
806.4032 8.2010226
807.4037 8.2130642
808.4042 8.2251155
809.4047 8.2371764
810.4052 8.2492469
811.4057 8.2613271
812.4062 8.2734168
813.4067 8.2855162
814.4072 8.297625
815.4077 8.3097434
816.4082 8.3218714
817.4087 8.3340087
818.4092 8.3461556
819.4097 8.3583119
820.41021 8.3704776
821.41071 8.3826527
822.41121 8.3948372
823.41171 8.407031
824.41221 8.4192342
825.41271 8.4314467
826.41321 8.4436684
827.41371 8.4558994
828.41421 8.4681397
829.41471 8.4803892
830.41521 8.4926479
831.41571 8.5049157
832.41621 8.5171927
833.41671 8.5294788
834.41721 8.5417741
835.41771 8.5540784
836.41821 8.5663918
837.41871 8.5787143
838.41921 8.5910457
839.41971 8.6033862
840.42021 8.6157356
841.42071 8.628094
842.42121 8.6404613
843.42171 8.6528376
844.42221 8.6652227
845.42271 8.6776167
846.42321 8.6900195
847.42371 8.7024312
848.42421 8.7148516
849.42471 8.7272809
850.42521 8.7397189
851.42571 8.7521656
852.42621 8.764621
853.42671 8.7770852
854.42721 8.789558
855.42771 8.8020394
856.42821 8.8145295
857.42871 8.8270282
858.42921 8.8395354
859.42971 8.8520512
860.43022 8.8645756
861.43072 8.8771085
862.43122 8.8896498
863.43172 8.9021996
864.43222 8.9147579
865.43272 8.9273246
866.43322 8.9398997
867.43372 8.9524832
868.43422 8.9650751
869.43472 8.9776753
870.43522 8.9902838
871.43572 9.0029006
872.43622 9.0155256
873.43672 9.028159
874.43722 9.0408005
875.43772 9.0534503
876.43822 9.0661082
877.43872 9.0787743
878.43922 9.0914485
879.43972 9.1041309
880.44022 9.1168214
881.44072 9.1295199
882.44122 9.1422265
883.44172 9.1549411
884.44222 9.1676637
885.44272 9.1803943
886.44322 9.1931329
887.44372 9.2058794
888.44422 9.2186338
889.44472 9.2313962
890.44522 9.2441664
891.44572 9.2569444
892.44622 9.2697303
893.44672 9.282524
894.44722 9.2953255
895.44772 9.3081348
896.44822 9.3209518
897.44872 9.3337765
898.44922 9.3466089
899.44972 9.359449
900.45023 9.3722968
901.45073 9.3851521
902.45123 9.3980151
903.45173 9.4108857
904.45223 9.4237639
905.45273 9.4366496
906.45323 9.4495428
907.45373 9.4624435
908.45423 9.4753517
909.45473 9.4882674
910.45523 9.5011905
911.45573 9.514121
912.45623 9.5270589
913.45673 9.5400042
914.45723 9.5529568
915.45773 9.5659168
916.45823 9.578884
917.45873 9.5918585
918.45923 9.6048403
919.45973 9.6178293
920.46023 9.6308256
921.46073 9.643829
922.46123 9.6568396
923.46173 9.6698574
924.46223 9.6828823
925.46273 9.6959142
926.46323 9.7089533
927.46373 9.7219994
928.46423 9.7350526
929.46473 9.7481128
930.46523 9.76118
931.46573 9.7742541
932.46623 9.7873352
933.46673 9.8004233
934.46723 9.8135182
935.46773 9.82662
936.46823 9.8397287
937.46873 9.8528443
938.46923 9.8659666
939.46973 9.8790958
940.47024 9.8922317
941.47074 9.9053744
942.47124 9.9185238
943.47174 9.9316799
944.47224 9.9448427
945.47274 9.9580121
946.47324 9.9711882
947.47374 9.984371
948.47424 9.9975603
949.47474 10.010756
950.47524 10.023959
951.47574 10.037168
952.47624 10.050383
953.47674 10.063605
954.47724 10.076834
955.47774 10.090068
956.47824 10.10331
957.47874 10.116558
958.47924 10.129812
959.47974 10.143072
960.48024 10.156339
961.48074 10.169612
962.48124 10.182891
963.48174 10.196177
964.48224 10.209469
965.48274 10.222767
966.48324 10.236071
967.48374 10.249382
968.48424 10.262699
969.48474 10.276021
970.48524 10.28935
971.48574 10.302685
972.48624 10.316026
973.48674 10.329374
974.48724 10.342727
975.48774 10.356086
976.48824 10.369451
977.48874 10.382822
978.48924 10.396199
979.48974 10.409582
980.49025 10.422971
981.49075 10.436366
982.49125 10.449766
983.49175 10.463173
984.49225 10.476585
985.49275 10.490003
986.49325 10.503427
987.49375 10.516856
988.49425 10.530291
989.49475 10.543732
990.49525 10.557179
991.49575 10.570631
992.49625 10.584089
993.49675 10.597552
994.49725 10.611021
995.49775 10.624496
996.49825 10.637976
997.49875 10.651462
998.49925 10.664953
999.49975 10.67845
1000.5003 10.691952
1001.5008 10.705458
1002.5013 10.718969
1003.5018 10.732484
1004.5023 10.746003
1005.5028 10.759526
1006.5033 10.773054
1007.5038 10.786586
1008.5043 10.800122
1009.5048 10.813663
1010.5053 10.827207
1011.5058 10.840756
1012.5063 10.85431
1013.5068 10.867867
1014.5073 10.881429
1015.5078 10.894995
1016.5083 10.908565
1017.5088 10.92214
1018.5093 10.935718
1019.5098 10.949301
1020.5103 10.962888
1021.5108 10.97648
1022.5113 10.990075
1023.5118 11.003675
1024.5123 11.017279
1025.5128 11.030888
1026.5133 11.0445
1027.5138 11.058117
1028.5143 11.071738
1029.5148 11.085363
1030.5153 11.098992
1031.5158 11.112626
1032.5163 11.126263
1033.5168 11.139905
1034.5173 11.153551
1035.5178 11.167202
1036.5183 11.180856
1037.5188 11.194515
1038.5193 11.208178
1039.5198 11.221845
1040.5203 11.235516
1041.5208 11.249192
1042.5213 11.262871
1043.5218 11.276555
1044.5223 11.290243
1045.5228 11.303935
1046.5233 11.317631
1047.5238 11.331332
1048.5243 11.345036
1049.5248 11.358745
1050.5253 11.372458
1051.5258 11.386175
1052.5263 11.399896
1053.5268 11.413622
1054.5273 11.427351
1055.5278 11.441085
1056.5283 11.454823
1057.5288 11.468564
1058.5293 11.482311
1059.5298 11.496061
1060.5303 11.509815
1061.5308 11.523574
1062.5313 11.537336
1063.5318 11.551103
1064.5323 11.564874
1065.5328 11.578649
1066.5333 11.592428
1067.5338 11.606211
1068.5343 11.619998
1069.5348 11.63379
1070.5353 11.647585
1071.5358 11.661385
1072.5363 11.675188
1073.5368 11.688996
1074.5373 11.702808
1075.5378 11.716624
1076.5383 11.730444
1077.5388 11.744268
1078.5393 11.758097
1079.5398 11.771929
1080.5403 11.785766
1081.5408 11.799606
1082.5413 11.813451
1083.5418 11.827299
1084.5423 11.841152
1085.5428 11.855009
1086.5433 11.86887
1087.5438 11.882735
1088.5443 11.896604
1089.5448 11.910477
1090.5453 11.924354
1091.5458 11.938235
1092.5463 11.95212
1093.5468 11.96601
1094.5473 11.979903
1095.5478 11.9938
1096.5483 12.007702
1097.5488 12.021607
1098.5493 12.035517
1099.5498 12.04943
1100.5503 12.063348
1101.5508 12.07727
1102.5513 12.091195
1103.5518 12.105125
1104.5523 12.119058
1105.5528 12.132996
1106.5533 12.146938
1107.5538 12.160884
1108.5543 12.174833
1109.5548 12.188787
1110.5553 12.202745
1111.5558 12.216707
1112.5563 12.230672
1113.5568 12.244642
1114.5573 12.258616
1115.5578 12.272594
1116.5583 12.286575
1117.5588 12.300561
1118.5593 12.314551
1119.5598 12.328545
1120.5603 12.342542
1121.5608 12.356544
1122.5613 12.37055
1123.5618 12.384559
1124.5623 12.398573
1125.5628 12.412591
1126.5633 12.426612
1127.5638 12.440638
1128.5643 12.454667
1129.5648 12.468701
1130.5653 12.482738
1131.5658 12.496779
1132.5663 12.510825
1133.5668 12.524874
1134.5673 12.538927
1135.5678 12.552984
1136.5683 12.567046
1137.5688 12.581111
1138.5693 12.59518
1139.5698 12.609253
1140.5703 12.623329
1141.5708 12.63741
1142.5713 12.651495
1143.5718 12.665584
1144.5723 12.679676
1145.5728 12.693773
1146.5733 12.707873
1147.5738 12.721977
1148.5743 12.736086
1149.5748 12.750198
1150.5753 12.764314
1151.5758 12.778434
1152.5763 12.792558
1153.5768 12.806686
1154.5773 12.820817
1155.5778 12.834953
1156.5783 12.849092
1157.5788 12.863236
1158.5793 12.877383
1159.5798 12.891534
1160.5803 12.905689
1161.5808 12.919848
1162.5813 12.934011
1163.5818 12.948178
1164.5823 12.962348
1165.5828 12.976523
1166.5833 12.990701
1167.5838 13.004883
1168.5843 13.019069
1169.5848 13.033259
1170.5853 13.047453
1171.5858 13.06165
1172.5863 13.075852
1173.5868 13.090057
1174.5873 13.104266
1175.5878 13.118479
1176.5883 13.132696
1177.5888 13.146917
1178.5893 13.161142
1179.5898 13.17537
1180.5903 13.189602
1181.5908 13.203838
1182.5913 13.218078
1183.5918 13.232322
1184.5923 13.246569
1185.5928 13.260821
1186.5933 13.275076
1187.5938 13.289335
1188.5943 13.303598
1189.5948 13.317865
1190.5953 13.332135
1191.5958 13.346409
1192.5963 13.360687
1193.5968 13.374969
1194.5973 13.389255
1195.5978 13.403544
1196.5983 13.417838
1197.5988 13.432135
1198.5993 13.446436
1199.5998 13.46074
1200.6003 13.475049
1201.6008 13.489361
1202.6013 13.503677
1203.6018 13.517997
1204.6023 13.53232
1205.6028 13.546648
1206.6033 13.560979
1207.6038 13.575314
1208.6043 13.589652
1209.6048 13.603995
1210.6053 13.618341
1211.6058 13.632691
1212.6063 13.647044
1213.6068 13.661402
1214.6073 13.675763
1215.6078 13.690128
1216.6083 13.704497
1217.6088 13.718869
1218.6093 13.733245
1219.6098 13.747625
1220.6103 13.762009
1221.6108 13.776396
1222.6113 13.790787
1223.6118 13.805182
1224.6123 13.819581
1225.6128 13.833983
1226.6133 13.848389
1227.6138 13.862799
1228.6143 13.877212
1229.6148 13.89163
1230.6153 13.906051
1231.6158 13.920475
1232.6163 13.934904
1233.6168 13.949336
1234.6173 13.963771
1235.6178 13.978211
1236.6183 13.992654
1237.6188 14.007101
1238.6193 14.021551
1239.6198 14.036005
1240.6203 14.050463
1241.6208 14.064925
1242.6213 14.07939
1243.6218 14.093859
1244.6223 14.108332
1245.6228 14.122808
1246.6233 14.137288
1247.6238 14.151772
1248.6243 14.166259
1249.6248 14.18075
1250.6253 14.195245
1251.6258 14.209743
1252.6263 14.224245
1253.6268 14.238751
1254.6273 14.25326
1255.6278 14.267773
1256.6283 14.282289
1257.6288 14.29681
1258.6293 14.311333
1259.6298 14.325861
1260.6303 14.340392
1261.6308 14.354927
1262.6313 14.369465
1263.6318 14.384007
1264.6323 14.398553
1265.6328 14.413102
1266.6333 14.427655
1267.6338 14.442212
1268.6343 14.456772
1269.6348 14.471336
1270.6353 14.485903
1271.6358 14.500474
1272.6363 14.515049
1273.6368 14.529627
1274.6373 14.544209
1275.6378 14.558794
1276.6383 14.573383
1277.6388 14.587976
1278.6393 14.602572
1279.6398 14.617172
1280.6403 14.631776
1281.6408 14.646383
1282.6413 14.660993
1283.6418 14.675607
1284.6423 14.690225
1285.6428 14.704846
1286.6433 14.719471
1287.6438 14.7341
1288.6443 14.748732
1289.6448 14.763368
1290.6453 14.778007
1291.6458 14.79265
1292.6463 14.807296
1293.6468 14.821946
1294.6473 14.836599
1295.6478 14.851256
1296.6483 14.865917
1297.6488 14.880581
1298.6493 14.895248
1299.6498 14.90992
1300.6503 14.924594
1301.6508 14.939272
1302.6513 14.953954
1303.6518 14.96864
1304.6523 14.983328
1305.6528 14.998021
1306.6533 15.012717
1307.6538 15.027416
1308.6543 15.042119
1309.6548 15.056826
1310.6553 15.071536
1311.6558 15.086249
1312.6563 15.100966
1313.6568 15.115687
1314.6573 15.130411
1315.6578 15.145138
1316.6583 15.159869
1317.6588 15.174604
1318.6593 15.189342
1319.6598 15.204083
1320.6603 15.218828
1321.6608 15.233577
1322.6613 15.248329
1323.6618 15.263084
1324.6623 15.277843
1325.6628 15.292606
1326.6633 15.307372
1327.6638 15.322141
1328.6643 15.336914
1329.6648 15.35169
1330.6653 15.36647
1331.6658 15.381253
1332.6663 15.39604
1333.6668 15.41083
1334.6673 15.425624
1335.6678 15.440421
1336.6683 15.455221
1337.6688 15.470025
1338.6693 15.484833
1339.6698 15.499644
1340.6703 15.514458
1341.6708 15.529276
1342.6713 15.544097
1343.6718 15.558922
1344.6723 15.57375
1345.6728 15.588581
1346.6733 15.603416
1347.6738 15.618255
1348.6743 15.633096
1349.6748 15.647941
1350.6753 15.66279
1351.6758 15.677642
1352.6763 15.692498
1353.6768 15.707356
1354.6773 15.722219
1355.6778 15.737084
1356.6783 15.751953
1357.6788 15.766826
1358.6793 15.781702
1359.6798 15.796581
1360.6803 15.811464
1361.6808 15.82635
1362.6813 15.841239
1363.6818 15.856132
1364.6823 15.871028
1365.6828 15.885928
1366.6833 15.900831
1367.6838 15.915737
1368.6843 15.930647
1369.6848 15.94556
1370.6853 15.960477
1371.6858 15.975396
1372.6863 15.99032
1373.6868 16.005246
1374.6873 16.020176
1375.6878 16.035109
1376.6883 16.050046
1377.6888 16.064986
1378.6893 16.079929
1379.6898 16.094876
1380.6903 16.109826
1381.6908 16.124779
1382.6913 16.139736
1383.6918 16.154696
1384.6923 16.169659
1385.6928 16.184626
1386.6933 16.199596
1387.6938 16.214569
1388.6943 16.229546
1389.6948 16.244526
1390.6953 16.25951
1391.6958 16.274496
1392.6963 16.289486
1393.6968 16.304479
1394.6973 16.319476
1395.6978 16.334476
1396.6983 16.349479
1397.6988 16.364486
1398.6993 16.379495
1399.6998 16.394508
1400.7004 16.409525
1401.7009 16.424544
1402.7014 16.439567
1403.7019 16.454594
1404.7024 16.469623
1405.7029 16.484656
1406.7034 16.499692
1407.7039 16.514732
1408.7044 16.529774
1409.7049 16.54482
1410.7054 16.559869
1411.7059 16.574922
1412.7064 16.589978
1413.7069 16.605037
1414.7074 16.620099
1415.7079 16.635164
1416.7084 16.650233
1417.7089 16.665305
1418.7094 16.68038
1419.7099 16.695459
1420.7104 16.710541
1421.7109 16.725626
1422.7114 16.740714
1423.7119 16.755805
1424.7124 16.7709
1425.7129 16.785998
1426.7134 16.801099
1427.7139 16.816204
1428.7144 16.831311
1429.7149 16.846422
1430.7154 16.861536
1431.7159 16.876654
1432.7164 16.891774
1433.7169 16.906898
1434.7174 16.922025
1435.7179 16.937155
1436.7184 16.952288
1437.7189 16.967425
1438.7194 16.982565
1439.7199 16.997708
1440.7204 17.012854
1441.7209 17.028003
1442.7214 17.043156
1443.7219 17.058312
1444.7224 17.07347
1445.7229 17.088633
1446.7234 17.103798
1447.7239 17.118966
1448.7244 17.134138
1449.7249 17.149313
1450.7254 17.164491
1451.7259 17.179672
1452.7264 17.194856
1453.7269 17.210044
1454.7274 17.225234
1455.7279 17.240428
1456.7284 17.255625
1457.7289 17.270825
1458.7294 17.286029
1459.7299 17.301235
1460.7304 17.316445
1461.7309 17.331657
1462.7314 17.346873
1463.7319 17.362092
1464.7324 17.377314
1465.7329 17.39254
1466.7334 17.407768
1467.7339 17.423
1468.7344 17.438234
1469.7349 17.453472
1470.7354 17.468713
1471.7359 17.483957
1472.7364 17.499204
1473.7369 17.514455
1474.7374 17.529708
1475.7379 17.544964
1476.7384 17.560224
1477.7389 17.575487
1478.7394 17.590753
1479.7399 17.606022
1480.7404 17.621294
1481.7409 17.636569
1482.7414 17.651847
1483.7419 17.667128
1484.7424 17.682413
1485.7429 17.6977
1486.7434 17.712991
1487.7439 17.728284
1488.7444 17.743581
1489.7449 17.758881
1490.7454 17.774184
1491.7459 17.789489
1492.7464 17.804798
1493.7469 17.820111
1494.7474 17.835426
1495.7479 17.850744
1496.7484 17.866065
1497.7489 17.881389
1498.7494 17.896717
1499.7499 17.912047
1500.7504 17.927381
1501.7509 17.942717
1502.7514 17.958057
1503.7519 17.973399
1504.7524 17.988745
1505.7529 18.004094
1506.7534 18.019445
1507.7539 18.0348
1508.7544 18.050158
1509.7549 18.065519
1510.7554 18.080882
1511.7559 18.096249
1512.7564 18.111619
1513.7569 18.126992
1514.7574 18.142368
1515.7579 18.157747
1516.7584 18.173129
1517.7589 18.188514
1518.7594 18.203902
1519.7599 18.219293
1520.7604 18.234686
1521.7609 18.250083
1522.7614 18.265483
1523.7619 18.280886
1524.7624 18.296292
1525.7629 18.311701
1526.7634 18.327113
1527.7639 18.342528
1528.7644 18.357946
1529.7649 18.373366
1530.7654 18.38879
1531.7659 18.404217
1532.7664 18.419647
1533.7669 18.435079
1534.7674 18.450515
1535.7679 18.465954
1536.7684 18.481395
1537.7689 18.49684
1538.7694 18.512287
1539.7699 18.527738
1540.7704 18.543191
1541.7709 18.558647
1542.7714 18.574107
1543.7719 18.589569
1544.7724 18.605034
1545.7729 18.620502
1546.7734 18.635973
1547.7739 18.651447
1548.7744 18.666924
1549.7749 18.682404
1550.7754 18.697887
1551.7759 18.713373
1552.7764 18.728861
1553.7769 18.744353
1554.7774 18.759847
1555.7779 18.775345
1556.7784 18.790845
1557.7789 18.806348
1558.7794 18.821854
1559.7799 18.837363
1560.7804 18.852875
1561.7809 18.86839
1562.7814 18.883908
1563.7819 18.899428
1564.7824 18.914952
1565.7829 18.930478
1566.7834 18.946007
1567.7839 18.961539
1568.7844 18.977074
1569.7849 18.992612
1570.7854 19.008153
1571.7859 19.023697
1572.7864 19.039243
1573.7869 19.054793
1574.7874 19.070345
1575.7879 19.0859
1576.7884 19.101458
1577.7889 19.117019
1578.7894 19.132583
1579.7899 19.148149
1580.7904 19.163719
1581.7909 19.179291
1582.7914 19.194866
1583.7919 19.210444
1584.7924 19.226025
1585.7929 19.241608
1586.7934 19.257195
1587.7939 19.272784
1588.7944 19.288376
1589.7949 19.303971
1590.7954 19.319569
1591.7959 19.33517
1592.7964 19.350773
1593.7969 19.36638
1594.7974 19.381989
1595.7979 19.397601
1596.7984 19.413215
1597.7989 19.428833
1598.7994 19.444453
1599.7999 19.460076
1600.8004 19.475702
1601.8009 19.491331
1602.8014 19.506962
1603.8019 19.522597
1604.8024 19.538234
1605.8029 19.553874
1606.8034 19.569517
1607.8039 19.585162
1608.8044 19.60081
1609.8049 19.616461
1610.8054 19.632115
1611.8059 19.647772
1612.8064 19.663431
1613.8069 19.679093
1614.8074 19.694758
1615.8079 19.710426
1616.8084 19.726096
1617.8089 19.74177
1618.8094 19.757446
1619.8099 19.773124
1620.8104 19.788806
1621.8109 19.80449
1622.8114 19.820177
1623.8119 19.835867
1624.8124 19.851559
1625.8129 19.867255
1626.8134 19.882952
1627.8139 19.898653
1628.8144 19.914357
1629.8149 19.930063
1630.8154 19.945772
1631.8159 19.961483
1632.8164 19.977198
1633.8169 19.992915
1634.8174 20.008634
1635.8179 20.024357
1636.8184 20.040082
1637.8189 20.05581
1638.8194 20.071541
1639.8199 20.087274
1640.8204 20.10301
1641.8209 20.118749
1642.8214 20.13449
1643.8219 20.150234
1644.8224 20.165981
1645.8229 20.181731
1646.8234 20.197483
1647.8239 20.213238
1648.8244 20.228996
1649.8249 20.244756
1650.8254 20.260519
1651.8259 20.276284
1652.8264 20.292053
1653.8269 20.307824
1654.8274 20.323597
1655.8279 20.339374
1656.8284 20.355153
1657.8289 20.370934
1658.8294 20.386719
1659.8299 20.402506
1660.8304 20.418295
1661.8309 20.434088
1662.8314 20.449883
1663.8319 20.46568
1664.8324 20.48148
1665.8329 20.497283
1666.8334 20.513089
1667.8339 20.528897
1668.8344 20.544708
1669.8349 20.560521
1670.8354 20.576337
1671.8359 20.592156
1672.8364 20.607977
1673.8369 20.623801
1674.8374 20.639627
1675.8379 20.655457
1676.8384 20.671288
1677.8389 20.687123
1678.8394 20.70296
1679.8399 20.718799
1680.8404 20.734642
1681.8409 20.750486
1682.8414 20.766334
1683.8419 20.782184
1684.8424 20.798037
1685.8429 20.813892
1686.8434 20.82975
1687.8439 20.84561
1688.8444 20.861473
1689.8449 20.877338
1690.8454 20.893207
1691.8459 20.909077
1692.8464 20.924951
1693.8469 20.940827
1694.8474 20.956705
1695.8479 20.972586
1696.8484 20.98847
1697.8489 21.004356
1698.8494 21.020244
1699.8499 21.036136
1700.8504 21.05203
1701.8509 21.067926
1702.8514 21.083825
1703.8519 21.099726
1704.8524 21.11563
1705.8529 21.131537
1706.8534 21.147446
1707.8539 21.163358
1708.8544 21.179272
1709.8549 21.195189
1710.8554 21.211108
1711.8559 21.22703
1712.8564 21.242954
1713.8569 21.258881
1714.8574 21.27481
1715.8579 21.290742
1716.8584 21.306677
1717.8589 21.322613
1718.8594 21.338553
1719.8599 21.354495
1720.8604 21.370439
1721.8609 21.386386
1722.8614 21.402336
1723.8619 21.418288
1724.8624 21.434242
1725.8629 21.450199
1726.8634 21.466159
1727.8639 21.48212
1728.8644 21.498085
1729.8649 21.514052
1730.8654 21.530021
1731.8659 21.545993
1732.8664 21.561967
1733.8669 21.577944
1734.8674 21.593924
1735.8679 21.609905
1736.8684 21.62589
1737.8689 21.641876
1738.8694 21.657865
1739.8699 21.673857
1740.8704 21.689851
1741.8709 21.705848
1742.8714 21.721847
1743.8719 21.737848
1744.8724 21.753852
1745.8729 21.769858
1746.8734 21.785867
1747.8739 21.801878
1748.8744 21.817892
1749.8749 21.833908
1750.8754 21.849927
1751.8759 21.865948
1752.8764 21.881971
1753.8769 21.897997
1754.8774 21.914025
1755.8779 21.930056
1756.8784 21.946089
1757.8789 21.962125
1758.8794 21.978162
1759.8799 21.994203
1760.8804 22.010246
1761.8809 22.026291
1762.8814 22.042338
1763.8819 22.058388
1764.8824 22.074441
1765.8829 22.090495
1766.8834 22.106553
1767.8839 22.122612
1768.8844 22.138674
1769.8849 22.154738
1770.8854 22.170805
1771.8859 22.186874
1772.8864 22.202946
1773.8869 22.219019
1774.8874 22.235096
1775.8879 22.251174
1776.8884 22.267255
1777.8889 22.283339
1778.8894 22.299424
1779.8899 22.315512
1780.8904 22.331603
1781.8909 22.347696
1782.8914 22.363791
1783.8919 22.379888
1784.8924 22.395988
1785.8929 22.41209
1786.8934 22.428195
1787.8939 22.444302
1788.8944 22.460411
1789.8949 22.476522
1790.8954 22.492636
1791.8959 22.508752
1792.8964 22.524871
1793.8969 22.540992
1794.8974 22.557115
1795.8979 22.573241
1796.8984 22.589369
1797.8989 22.605499
1798.8994 22.621631
1799.8999 22.637766
1800.9005 22.653903
1801.901 22.670043
1802.9015 22.686184
1803.902 22.702328
1804.9025 22.718475
1805.903 22.734623
1806.9035 22.750774
1807.904 22.766927
1808.9045 22.783083
1809.905 22.799241
1810.9055 22.815401
1811.906 22.831563
1812.9065 22.847728
1813.907 22.863895
1814.9075 22.880064
1815.908 22.896235
1816.9085 22.912409
1817.909 22.928585
1818.9095 22.944764
1819.91 22.960944
1820.9105 22.977127
1821.911 22.993312
1822.9115 23.009499
1823.912 23.025689
1824.9125 23.041881
1825.913 23.058075
1826.9135 23.074271
1827.914 23.09047
1828.9145 23.106671
1829.915 23.122874
1830.9155 23.139079
1831.916 23.155286
1832.9165 23.171496
1833.917 23.187708
1834.9175 23.203922
1835.918 23.220139
1836.9185 23.236358
1837.919 23.252578
1838.9195 23.268802
1839.92 23.285027
1840.9205 23.301254
1841.921 23.317484
1842.9215 23.333716
1843.922 23.34995
1844.9225 23.366187
1845.923 23.382425
1846.9235 23.398666
1847.924 23.414909
1848.9245 23.431154
1849.925 23.447402
1850.9255 23.463651
1851.926 23.479903
1852.9265 23.496157
1853.927 23.512413
1854.9275 23.528671
1855.928 23.544931
1856.9285 23.561194
1857.929 23.577459
1858.9295 23.593726
1859.93 23.609995
1860.9305 23.626266
1861.931 23.64254
1862.9315 23.658815
1863.932 23.675093
1864.9325 23.691373
1865.933 23.707655
1866.9335 23.723939
1867.934 23.740225
1868.9345 23.756514
1869.935 23.772805
1870.9355 23.789097
1871.936 23.805392
1872.9365 23.821689
1873.937 23.837989
1874.9375 23.85429
1875.938 23.870593
1876.9385 23.886899
1877.939 23.903207
1878.9395 23.919516
1879.94 23.935828
1880.9405 23.952142
1881.941 23.968458
1882.9415 23.984777
1883.942 24.001097
1884.9425 24.017419
1885.943 24.033744
1886.9435 24.050071
1887.944 24.066399
1888.9445 24.08273
1889.945 24.099063
1890.9455 24.115398
1891.946 24.131735
1892.9465 24.148075
1893.947 24.164416
1894.9475 24.180759
1895.948 24.197105
1896.9485 24.213452
1897.949 24.229802
1898.9495 24.246154
1899.95 24.262507
1900.9505 24.278863
1901.951 24.295221
1902.9515 24.311581
1903.952 24.327943
1904.9525 24.344307
1905.953 24.360673
1906.9535 24.377041
1907.954 24.393411
1908.9545 24.409784
1909.955 24.426158
1910.9555 24.442534
1911.956 24.458913
1912.9565 24.475293
1913.957 24.491675
1914.9575 24.50806
1915.958 24.524446
1916.9585 24.540835
1917.959 24.557225
1918.9595 24.573618
1919.96 24.590012
1920.9605 24.606409
1921.961 24.622808
1922.9615 24.639208
1923.962 24.655611
1924.9625 24.672016
1925.963 24.688422
1926.9635 24.704831
1927.964 24.721241
1928.9645 24.737654
1929.965 24.754069
1930.9655 24.770485
1931.966 24.786904
1932.9665 24.803324
1933.967 24.819747
1934.9675 24.836172
1935.968 24.852598
1936.9685 24.869027
1937.969 24.885457
1938.9695 24.90189
1939.97 24.918324
1940.9705 24.93476
1941.971 24.951199
1942.9715 24.967639
1943.972 24.984081
1944.9725 25.000526
1945.973 25.016972
1946.9735 25.03342
1947.974 25.04987
1948.9745 25.066322
1949.975 25.082776
1950.9755 25.099232
1951.976 25.11569
1952.9765 25.13215
1953.977 25.148611
1954.9775 25.165075
1955.978 25.181541
1956.9785 25.198008
1957.979 25.214478
1958.9795 25.230949
1959.98 25.247422
1960.9805 25.263897
1961.981 25.280375
1962.9815 25.296854
1963.982 25.313335
1964.9825 25.329817
1965.983 25.346302
1966.9835 25.362789
1967.984 25.379277
1968.9845 25.395768
1969.985 25.41226
1970.9855 25.428754
1971.986 25.445251
1972.9865 25.461749
1973.987 25.478248
1974.9875 25.49475
1975.988 25.511254
1976.9885 25.52776
1977.989 25.544267
1978.9895 25.560776
1979.99 25.577287
1980.9905 25.5938
1981.991 25.610315
1982.9915 25.626832
1983.992 25.643351
1984.9925 25.659871
1985.993 25.676394
1986.9935 25.692918
1987.994 25.709444
1988.9945 25.725972
1989.995 25.742502
1990.9955 25.759033
1991.996 25.775567
1992.9965 25.792102
1993.997 25.808639
1994.9975 25.825178
1995.998 25.841719
1996.9985 25.858261
1997.999 25.874806
1998.9995 25.891352
2000 25.9079
